Chi: 100.000000	tcc [code units]: 8.904371e-02	Mcl [Solar mass]: 1.445491e+00	mu: 0.672442	 [code time] = 3.085678e+13 s

t/tcc		t/tdrag		M(rho>rhocl/3)/Mcl	deltav/vwind
0.000000e+00	0.000000e+00	9.209002e-01		1.000000e+00
1.109648e-02	1.109648e-03	8.604073e-01		9.977558e-01
2.230392e-02	2.230392e-03	8.159097e-01		8.672387e-01
3.351056e-02	3.351056e-03	7.824388e-01		8.518367e-01
4.472169e-02	4.472169e-03	7.571413e-01		8.337031e-01
5.595092e-02	5.595092e-03	7.366915e-01		7.766542e-01
6.719658e-02	6.719658e-03	7.188943e-01		7.840523e-01
7.846531e-02	7.846531e-03	7.028176e-01		7.832656e-01
8.976949e-02	8.976949e-03	6.884262e-01		7.849689e-01
1.009172e-01	1.009172e-02	6.757601e-01		7.801819e-01
1.121300e-01	1.121300e-02	6.642314e-01		7.634902e-01
1.234312e-01	1.234312e-02	6.535630e-01		7.447813e-01
1.346321e-01	1.346321e-02	6.437750e-01		7.257726e-01
1.459635e-01	1.459635e-02	6.345388e-01		7.069708e-01
1.570116e-01	1.570116e-02	6.261234e-01		6.897965e-01
1.684432e-01	1.684432e-02	6.461660e-01		6.731335e-01
1.796160e-01	1.796160e-02	6.392674e-01		6.574317e-01
1.907575e-01	1.907575e-02	6.890803e-01		6.421528e-01
2.020481e-01	2.020481e-02	6.846067e-01		6.268933e-01
2.132266e-01	2.132266e-02	6.805128e-01		6.119779e-01
2.245223e-01	2.245223e-02	6.765829e-01		5.971225e-01
2.356959e-01	2.356959e-02	6.728744e-01		5.830189e-01
2.469817e-01	2.469817e-02	6.973385e-01		5.691538e-01
2.581375e-01	2.581375e-02	6.944437e-01		5.555069e-01
2.694052e-01	2.694052e-02	6.916560e-01		5.416343e-01
2.805393e-01	2.805393e-02	6.889779e-01		5.285448e-01
2.917871e-01	2.917871e-02	7.147737e-01		5.166839e-01
3.031522e-01	3.031522e-02	7.135472e-01		4.174947e-01
3.143823e-01	3.143823e-02	7.124145e-01		4.095494e-01
3.254737e-01	3.254737e-02	7.113046e-01		4.016854e-01
3.366848e-01	3.366848e-02	7.101726e-01		3.938582e-01
3.480204e-01	3.480204e-02	7.090167e-01		3.860867e-01
3.592174e-01	3.592174e-02	7.078809e-01		3.785304e-01
3.705429e-01	3.705429e-02	7.067474e-01		3.710536e-01
3.817272e-01	3.817272e-02	7.055557e-01		3.638631e-01
3.930434e-01	3.930434e-02	7.042219e-01		3.567586e-01
4.042156e-01	4.042156e-02	7.029108e-01		3.498211e-01
4.155237e-01	4.155237e-02	7.016438e-01		3.427819e-01
4.266856e-01	4.266856e-02	7.295761e-01		3.357458e-01
4.376964e-01	4.376964e-02	7.318531e-01		3.739675e-01
4.490213e-01	4.490213e-02	7.070378e-01		3.660165e-01
4.604368e-01	4.604368e-02	7.106511e-01		3.862954e-01
4.714170e-01	4.714170e-02	7.142978e-01		3.751144e-01
4.826725e-01	4.826725e-02	7.181648e-01		3.635272e-01
4.941387e-01	4.941387e-02	7.222033e-01		3.514102e-01
5.053095e-01	5.053095e-02	7.262221e-01		3.393945e-01
5.164381e-01	5.164381e-02	6.759493e-01		3.221439e-01
5.277340e-01	5.277340e-02	6.827326e-01		3.032410e-01
5.389666e-01	5.389666e-02	6.612690e-01		2.847125e-01
5.501418e-01	5.501418e-02	6.671708e-01		2.736553e-01
5.614637e-01	5.614637e-02	6.724026e-01		3.967816e-01
5.725719e-01	5.725719e-02	7.052466e-01		3.855491e-01
5.838615e-01	5.838615e-02	7.120575e-01		3.745269e-01
5.951693e-01	5.951693e-02	7.185684e-01		3.638383e-01
6.063530e-01	6.063530e-02	7.246286e-01		3.350964e-01
6.176117e-01	6.176117e-02	7.303033e-01		3.252119e-01
6.288074e-01	6.288074e-02	7.915883e-01		3.170218e-01
6.401289e-01	6.401289e-02	8.004009e-01		3.100499e-01
6.512864e-01	6.512864e-02	8.083992e-01		3.039240e-01
6.624655e-01	6.624655e-02	8.157223e-01		2.940497e-01
6.736862e-01	6.736862e-02	8.222957e-01		2.808620e-01
6.849672e-01	6.849672e-02	8.278426e-01		2.591264e-01
6.961757e-01	6.961757e-02	8.321496e-01		2.669371e-01
7.074840e-01	7.074840e-02	8.355152e-01		2.396990e-01
7.186138e-01	7.186138e-02	7.550275e-01		2.160629e-01
7.298880e-01	7.298880e-02	7.624690e-01		1.984004e-01
7.411830e-01	7.411830e-02	7.964125e-01		2.380629e-01
7.523833e-01	7.523833e-02	8.060101e-01		2.296602e-01
7.635394e-01	7.635394e-02	8.146674e-01		2.208653e-01
7.748407e-01	7.748407e-02	8.225134e-01		2.124174e-01
7.860127e-01	7.860127e-02	8.291793e-01		2.045621e-01
7.972204e-01	7.972204e-02	8.347477e-01		1.970373e-01
8.084927e-01	8.084927e-02	8.959256e-01		1.927264e-01
8.197229e-01	8.197229e-02	9.017786e-01		1.940868e-01
8.309499e-01	8.309499e-02	9.061338e-01		2.008663e-01
8.422082e-01	8.422082e-02	9.089199e-01		2.494913e-01
8.534057e-01	8.534057e-02	9.098276e-01		2.324062e-01
8.646044e-01	8.646044e-02	9.410874e-01		2.127983e-01
8.758654e-01	8.758654e-02	9.442948e-01		1.973456e-01
8.871027e-01	8.871027e-02	9.464254e-01		1.898360e-01
8.983532e-01	8.983532e-02	8.929096e-01		3.017644e-01
9.095896e-01	9.095896e-02	8.695904e-01		3.066393e-01
9.207988e-01	9.207988e-02	8.757023e-01		3.118777e-01
9.320275e-01	9.320275e-02	8.807942e-01		2.681945e-01
9.433272e-01	9.433272e-02	8.846516e-01		2.662260e-01
9.544852e-01	9.544852e-02	8.867228e-01		2.642414e-01
9.656944e-01	9.656944e-02	9.200521e-01		2.624286e-01
9.770214e-01	9.770214e-02	9.253578e-01		2.613254e-01
9.882684e-01	9.882684e-02	9.293749e-01		2.603784e-01
9.994866e-01	9.994866e-02	9.321037e-01		2.604945e-01
1.010719e+00	1.010719e-01	9.336089e-01		2.623383e-01
1.021920e+00	1.021920e-01	9.339600e-01		2.520253e-01
1.033197e+00	1.033197e-01	9.332427e-01		2.374161e-01
1.044404e+00	1.044404e-01	9.875983e-01		2.228279e-01
1.055580e+00	1.055580e-01	9.854319e-01		2.097716e-01
1.066770e+00	1.066770e-01	1.013909e+00		2.010304e-01
1.078020e+00	1.078020e-01	9.588894e-01		1.987449e-01
1.089259e+00	1.089259e-01	9.618660e-01		2.880689e-01
1.100544e+00	1.100544e-01	9.642184e-01		2.934304e-01
1.111797e+00	1.111797e-01	9.659127e-01		2.979837e-01
1.122927e+00	1.122927e-01	9.414320e-01		3.014651e-01
1.134218e+00	1.134218e-01	9.449676e-01		2.930073e-01
1.145439e+00	1.145439e-01	9.475497e-01		2.375818e-01
1.156733e+00	1.156733e-01	9.487557e-01		2.374681e-01
1.167855e+00	1.167855e-01	9.777997e-01		2.380325e-01
1.179093e+00	1.179093e-01	9.815502e-01		2.395907e-01
1.190358e+00	1.190358e-01	9.840914e-01		2.383894e-01
1.201568e+00	1.201568e-01	1.041473e+00		2.250278e-01
1.212775e+00	1.212775e-01	1.042803e+00		2.104668e-01
1.224023e+00	1.224023e-01	1.042969e+00		1.953653e-01
1.235229e+00	1.235229e-01	9.863427e-01		1.825500e-01
1.246552e+00	1.246552e-01	9.871497e-01		1.751870e-01
1.257710e+00	1.257710e-01	9.870123e-01		2.584779e-01
1.268967e+00	1.268967e-01	9.856920e-01		2.627794e-01
1.280165e+00	1.280165e-01	1.015907e+00		2.676267e-01
1.291437e+00	1.291437e-01	9.938940e-01		2.588866e-01
1.302698e+00	1.302698e-01	9.996353e-01		2.450809e-01
1.313876e+00	1.313876e-01	1.004396e+00		2.195150e-01
1.325138e+00	1.325138e-01	1.008136e+00		2.194130e-01
1.336410e+00	1.336410e-01	1.010446e+00		2.064832e-01
1.347614e+00	1.347614e-01	1.067733e+00		1.928644e-01
1.358782e+00	1.358782e-01	1.068068e+00		1.782675e-01
1.370058e+00	1.370058e-01	1.011993e+00		1.638647e-01
1.381280e+00	1.381280e-01	1.042259e+00		1.535604e-01
1.392570e+00	1.392570e-01	1.046897e+00		2.358782e-01
1.403691e+00	1.403691e-01	1.050413e+00		2.369008e-01
1.415015e+00	1.415015e-01	1.053087e+00		2.358265e-01
1.426235e+00	1.426235e-01	1.029293e+00		2.212584e-01
1.437399e+00	1.437399e-01	1.034308e+00		2.061788e-01
1.448667e+00	1.448667e-01	1.038312e+00		1.907660e-01
1.459850e+00	1.459850e-01	1.041258e+00		1.753482e-01
1.471094e+00	1.471094e-01	1.098461e+00		1.597403e-01
1.482312e+00	1.482312e-01	1.072365e+00		1.451353e-01
1.493633e+00	1.493633e-01	1.079589e+00		1.336257e-01
1.504796e+00	1.504796e-01	1.085219e+00		1.265087e-01
1.516029e+00	1.516029e-01	1.089532e+00		2.131672e-01
1.527233e+00	1.527233e-01	1.092563e+00		2.004432e-01
1.538556e+00	1.538556e-01	1.094530e+00		1.863405e-01
1.549716e+00	1.549716e-01	1.072112e+00		1.711885e-01
1.560975e+00	1.560975e-01	1.076568e+00		1.550210e-01
1.572258e+00	1.572258e-01	1.079387e+00		1.387974e-01
1.583487e+00	1.583487e-01	1.054675e+00		1.239814e-01
1.594684e+00	1.594684e-01	1.119084e+00		1.134160e-01
1.605929e+00	1.605929e-01	1.126154e+00		1.432857e-01
1.617138e+00	1.617138e-01	1.131571e+00		1.337330e-01
1.628313e+00	1.628313e-01	1.135354e+00		1.641369e-01
1.639582e+00	1.639582e-01	1.137737e+00		1.511390e-01
1.650775e+00	1.650775e-01	1.113876e+00		1.368595e-01
1.662041e+00	1.662041e-01	1.118811e+00		1.219770e-01
1.673310e+00	1.673310e-01	1.121719e+00		1.075553e-01
1.684510e+00	1.684510e-01	1.101505e+00		9.775640e-02
1.695773e+00	1.695773e-01	1.165890e+00		9.278005e-02
1.706942e+00	1.706942e-01	1.172821e+00		1.073765e-01
1.718195e+00	1.718195e-01	1.178028e+00		1.011155e-01
1.729418e+00	1.729418e-01	1.181533e+00		1.296404e-01
1.740625e+00	1.740625e-01	1.183548e+00		1.190709e-01
1.751858e+00	1.751858e-01	1.161192e+00		1.072749e-01
1.763157e+00	1.763157e-01	1.165201e+00		9.496422e-02
1.774352e+00	1.774352e-01	1.143977e+00		8.789261e-02
1.785576e+00	1.785576e-01	1.209101e+00		1.373796e-01
1.796855e+00	1.796855e-01	1.216699e+00		9.644338e-02
1.808040e+00	1.808040e-01	1.222275e+00		8.492932e-02
1.819307e+00	1.819307e-01	1.225990e+00		1.137676e-01
1.830551e+00	1.830551e-01	1.227973e+00		1.035673e-01
1.841789e+00	1.841789e-01	1.205008e+00		9.189106e-02
1.852963e+00	1.852963e-01	1.154248e+00		8.324271e-02
1.864209e+00	1.864209e-01	1.244595e+00		1.231855e-01
1.875460e+00	1.875460e-01	1.254239e+00		1.175116e-01
1.886647e+00	1.886647e-01	1.261481e+00		6.513759e-02
1.897889e+00	1.897889e-01	1.266608e+00		6.114752e-02
1.909171e+00	1.909171e-01	1.269621e+00		9.792324e-02
1.920338e+00	1.920338e-01	1.243134e+00		8.846670e-02
1.931592e+00	1.931592e-01	1.193114e+00		8.010424e-02
1.942772e+00	1.942772e-01	1.255260e+00		1.210140e-01
1.954011e+00	1.954011e-01	1.290170e+00		1.156916e-01
1.965246e+00	1.965246e-01	1.298559e+00		7.867131e-02
1.976507e+00	1.976507e-01	1.304555e+00		5.951410e-02
1.987723e+00	1.987723e-01	1.308259e+00		1.011967e-01
1.998923e+00	1.998923e-01	1.309888e+00		9.641744e-02
2.010207e+00	2.010207e-01	1.341915e+00		8.964400e-02
2.021392e+00	2.021392e-01	1.292718e+00		1.380182e-01
2.032698e+00	2.032698e-01	1.297450e+00		1.214045e-01
2.043878e+00	2.043878e-01	1.333463e+00		8.480982e-02
2.055150e+00	2.055150e-01	1.339958e+00		2.193984e-02
2.066356e+00	2.066356e-01	1.343997e+00		1.189940e-01
2.077613e+00	2.077613e-01	1.401892e+00		1.115767e-01
2.088841e+00	2.088841e-01	1.377711e+00		1.541601e-01
2.100065e+00	2.100065e-01	1.327471e+00		1.435147e-01
2.111299e+00	2.111299e-01	1.332986e+00		1.140447e-01
2.122482e+00	2.122482e-01	1.366594e+00		8.062085e-02
2.133738e+00	2.133738e-01	1.373417e+00		1.643295e-02
2.145004e+00	2.145004e-01	1.433480e+00		1.197999e-01
2.156210e+00	2.156210e-01	1.436468e+00		1.096233e-01
2.167456e+00	2.167456e-01	1.412481e+00		1.544207e-01
2.178638e+00	2.178638e-01	1.417457e+00		1.333303e-01
2.189922e+00	2.189922e-01	1.366258e+00		1.036365e-01
2.201144e+00	2.201144e-01	1.398628e+00		6.649967e-02
2.212335e+00	2.212335e-01	1.405372e+00		3.421950e-03
2.223613e+00	2.223613e-01	1.466228e+00		1.140300e-01
2.234821e+00	2.234821e-01	1.469090e+00		1.024537e-01
2.246069e+00	2.246069e-01	1.445806e+00		8.870499e-02
2.257311e+00	2.257311e-01	1.450240e+00		1.214194e-01
2.268479e+00	2.268479e-01	1.397489e+00		9.152010e-02
2.279766e+00	2.279766e-01	1.429579e+00		4.551391e-02
2.290926e+00	2.290926e-01	1.491635e+00		2.552204e-02
2.302164e+00	2.302164e-01	1.496446e+00		1.031079e-01
2.313414e+00	2.313414e-01	1.498311e+00		8.899053e-02
2.324692e+00	2.324692e-01	1.475408e+00		7.294989e-02
2.335903e+00	2.335903e-01	1.477926e+00		1.082435e-01
2.347147e+00	2.347147e-01	1.422585e+00		7.702888e-02
2.358336e+00	2.358336e-01	1.421529e+00		2.022906e-02
2.369579e+00	2.369579e-01	1.474430e+00		1.132280e-02
2.380807e+00	2.380807e-01	1.468068e+00		7.101349e-02
2.392043e+00	2.392043e-01	1.431905e+00		5.241910e-02
2.403299e+00	2.403299e-01	1.426399e+00		3.742014e-02
2.414510e+00	2.414510e-01	1.415600e+00		9.181938e-02
2.425732e+00	2.425732e-01	1.346507e+00		5.754644e-02
2.436988e+00	2.436988e-01	1.481342e+00		-8.126961e-03
2.448215e+00	2.448215e-01	1.542987e+00		6.505278e-02
2.459438e+00	2.459438e-01	1.549670e+00		4.997903e-02
2.470673e+00	2.470673e-01	1.530914e+00		3.393221e-02
2.481848e+00	2.481848e-01	1.539839e+00		2.246647e-02
2.493149e+00	2.493149e-01	1.544738e+00		7.347272e-02
2.504321e+00	2.504321e-01	1.494419e+00		2.150722e-02
2.515545e+00	2.515545e-01	1.498561e+00		5.176843e-03
2.526830e+00	2.526830e-01	1.499927e+00		5.483613e-02
2.538002e+00	2.538002e-01	1.471060e+00		3.967076e-02
2.549248e+00	2.549248e-01	1.474438e+00		2.420876e-02
2.560456e+00	2.560456e-01	1.473660e+00		1.421773e-02
2.571689e+00	2.571689e-01	1.413155e+00		5.144245e-02
2.582947e+00	2.582947e-01	1.410399e+00		-1.537955e-02
2.594144e+00	2.594144e-01	1.404885e+00		5.658808e-02
2.605379e+00	2.605379e-01	1.396979e+00		4.221690e-02
2.616663e+00	2.616663e-01	1.363207e+00		2.542368e-02
2.627911e+00	2.627911e-01	1.356756e+00		1.008367e-02
2.639142e+00	2.639142e-01	1.346053e+00		6.577086e-02
2.650378e+00	2.650378e-01	1.278221e+00		4.366803e-03
2.661543e+00	2.661543e-01	1.408379e+00		-5.123738e-03
2.672750e+00	2.672750e-01	1.410808e+00		4.681360e-02
2.684021e+00	2.684021e-01	1.385036e+00		3.213952e-02
2.695286e+00	2.695286e-01	1.390629e+00		1.482815e-02
2.706477e+00	2.706477e-01	1.659444e+00		-2.552894e-04
2.717729e+00	2.717729e-01	1.610628e+00		2.748292e-02
2.728973e+00	2.728973e-01	1.620082e+00		-3.713966e-02
2.740132e+00	2.740132e-01	1.626619e+00		6.283263e-02
2.751379e+00	2.751379e-01	1.630520e+00		5.383215e-02
2.762611e+00	2.762611e-01	1.610185e+00		4.367280e-02
2.773904e+00	2.773904e-01	1.615065e+00		3.243777e-02
2.785039e+00	2.785039e-01	1.615293e+00		2.259666e-02
2.796378e+00	2.796378e-01	1.611617e+00		-6.898131e-03
2.807609e+00	2.807609e-01	1.552145e+00		-1.049985e-02
2.818757e+00	2.818757e-01	1.551038e+00		1.560215e-01
2.829959e+00	2.829959e-01	1.523760e+00		1.249757e-01
2.841240e+00	2.841240e-01	1.524769e+00		9.518426e-02
2.852512e+00	2.852512e-01	1.522116e+00		6.562337e-02
2.863683e+00	2.863683e-01	1.516190e+00		1.389774e-02
2.874894e+00	2.874894e-01	1.507375e+00		7.298669e-03
2.886171e+00	2.886171e-01	1.495671e+00		-1.087583e-02
2.897423e+00	2.897423e-01	1.625602e+00		2.575410e-01
2.908559e+00	2.908559e-01	1.600937e+00		2.519913e-01
2.919861e+00	2.919861e-01	1.601722e+00		2.279814e-01
2.931096e+00	2.931096e-01	1.344686e+00		2.120627e-01
2.942270e+00	2.942270e-01	1.349257e+00		2.041083e-01
2.953476e+00	2.953476e-01	1.352583e+00		2.003516e-01
2.964810e+00	2.964810e-01	1.355104e+00		1.968882e-01
2.975934e+00	2.975934e-01	1.356884e+00		1.940933e-01
2.987266e+00	2.987266e-01	1.358244e+00		1.915772e-01
2.998395e+00	2.998395e-01	1.359120e+00		1.888477e-01
3.009737e+00	3.009737e-01	1.359564e+00		1.857675e-01
3.020885e+00	3.020885e-01	1.359275e+00		2.029865e-01
3.032124e+00	3.032124e-01	1.358128e+00		1.968315e-01
3.043333e+00	3.043333e-01	1.356343e+00		1.904556e-01
3.054664e+00	3.054664e-01	1.354071e+00		1.838219e-01
3.065860e+00	3.065860e-01	1.351254e+00		1.771216e-01
3.077067e+00	3.077067e-01	1.347808e+00		1.703808e-01
3.088298e+00	3.088298e-01	1.343729e+00		1.635665e-01
3.099564e+00	3.099564e-01	1.339011e+00		1.566257e-01
3.110739e+00	3.110739e-01	1.333701e+00		1.495255e-01
3.121969e+00	3.121969e-01	1.466825e+00		1.420655e-01
3.133266e+00	3.133266e-01	1.473165e+00		1.341179e-01
3.144503e+00	3.144503e-01	1.478983e+00		1.256823e-01
3.155688e+00	3.155688e-01	1.484291e+00		1.166894e-01
3.166972e+00	3.166972e-01	1.489157e+00		1.069483e-01
3.178079e+00	3.178079e-01	1.493480e+00		9.665381e-02
3.189302e+00	3.189302e-01	1.497402e+00		8.551867e-02
3.200651e+00	3.200651e-01	1.500964e+00		7.353347e-02
3.211843e+00	3.211843e-01	1.504194e+00		6.100050e-02
3.223129e+00	3.223129e-01	1.507151e+00		4.772739e-02
3.234334e+00	3.234334e-01	1.509985e+00		3.429158e-02
3.245589e+00	3.245589e-01	1.512760e+00		2.082111e-02
3.256747e+00	3.256747e-01	1.515428e+00		6.963381e-03
3.267954e+00	3.267954e-01	1.518060e+00		-7.320695e-03
3.279210e+00	3.279210e-01	1.395260e+00		-2.182978e-02
3.290516e+00	3.290516e-01	1.405167e+00		-3.510989e-02
3.301735e+00	3.301735e-01	1.413942e+00		1.361085e-01
3.312872e+00	3.312872e-01	1.421630e+00		1.280651e-01
3.324074e+00	3.324074e-01	1.428339e+00		1.196529e-01
3.335349e+00	3.335349e-01	1.434035e+00		1.109828e-01
3.346573e+00	3.346573e-01	1.438624e+00		9.832125e-02
3.357891e+00	3.357891e-01	1.581147e+00		7.480012e-02
3.369040e+00	3.369040e-01	1.595583e+00		5.200973e-02
3.380301e+00	3.380301e-01	1.609307e+00		2.932309e-02
3.391544e+00	3.391544e-01	1.622159e+00		6.911171e-03
3.402779e+00	3.402779e-01	1.634162e+00		-1.534101e-02
3.414014e+00	3.414014e-01	1.645321e+00		-3.753768e-02
3.425257e+00	3.425257e-01	1.655654e+00		-5.969450e-02
3.436382e+00	3.436382e-01	1.665063e+00		-8.127560e-02
3.447670e+00	3.447670e-01	1.673813e+00		-1.025032e-01
3.458856e+00	3.458856e-01	1.681754e+00		-1.218905e-01
3.470085e+00	3.470085e-01	1.689078e+00		-1.385588e-01
3.481365e+00	3.481365e-01	1.695797e+00		-1.519635e-01
3.492567e+00	3.492567e-01	1.702048e+00		-1.608707e-01
3.503836e+00	3.503836e-01	1.707687e+00		-4.716562e-02
3.515022e+00	3.515022e-01	1.712593e+00		-5.858313e-02
3.526285e+00	3.526285e-01	1.716894e+00		-6.883406e-02
3.537460e+00	3.537460e-01	1.720346e+00		-7.749876e-02
3.548685e+00	3.548685e-01	1.722903e+00		-8.528843e-02
3.559961e+00	3.559961e-01	1.724522e+00		-9.212037e-02
3.571151e+00	3.571151e-01	1.724971e+00		-9.489527e-02
3.582392e+00	3.582392e-01	1.724121e+00		5.699904e-02
3.593680e+00	3.593680e-01	1.856829e+00		4.893167e-02
3.604883e+00	3.604883e-01	1.866007e+00		4.095378e-02
3.616131e+00	3.616131e-01	1.874642e+00		3.304611e-02
3.627421e+00	3.627421e-01	1.760362e+00		2.520849e-02
3.638625e+00	3.638625e-01	1.778020e+00		1.744894e-02
3.649880e+00	3.649880e-01	1.794392e+00		4.440794e-03
3.661069e+00	3.661069e-01	1.809370e+00		-9.270336e-03
3.672326e+00	3.672326e-01	1.823196e+00		-2.302581e-02
3.683537e+00	3.683537e-01	1.835774e+00		-3.670638e-02
3.694712e+00	3.694712e-01	1.847192e+00		-5.041263e-02
3.705989e+00	3.705989e-01	1.857689e+00		-6.440523e-02
3.717254e+00	3.717254e-01	1.867236e+00		-7.862653e-02
3.728394e+00	3.728394e-01	1.875911e+00		-9.296596e-02
3.739670e+00	3.739670e-01	1.884139e+00		-1.075555e-01
3.750844e+00	3.750844e-01	1.891601e+00		-1.219522e-01
3.762180e+00	3.762180e-01	1.898407e+00		-1.361789e-01
3.773309e+00	3.773309e-01	1.904238e+00		-1.488141e-01
3.784623e+00	3.784623e-01	1.909106e+00		-1.595703e-01
3.795859e+00	3.795859e-01	1.912703e+00		-1.677498e-01
3.807025e+00	3.807025e-01	1.915084e+00		-1.156599e-01
3.818230e+00	3.818230e-01	1.916345e+00		-1.241387e-01
3.829471e+00	3.829471e-01	1.916451e+00		-1.319626e-01
3.840747e+00	3.840747e-01	2.057283e+00		-1.393001e-01
3.851933e+00	3.851933e-01	2.067861e+00		-1.460960e-01
3.863152e+00	3.863152e-01	2.077416e+00		-1.489367e-01
3.874402e+00	3.874402e-01	2.085862e+00		-6.723296e-04
3.885680e+00	3.885680e-01	2.093430e+00		-9.489753e-03
3.896865e+00	3.896865e-01	2.100235e+00		-2.468547e-02
3.908192e+00	3.908192e-01	1.977674e+00		-3.937154e-02
3.919315e+00	3.919315e-01	1.994680e+00		-5.302256e-02
3.930598e+00	3.930598e-01	2.010358e+00		-6.629557e-02
3.941818e+00	3.941818e-01	2.024504e+00		-7.912619e-02
3.953103e+00	3.953103e-01	2.037431e+00		-9.178150e-02
3.964236e+00	3.964236e-01	2.048990e+00		-1.040555e-01
3.975574e+00	3.975574e-01	2.059903e+00		-1.164585e-01
3.986787e+00	3.986787e-01	2.069717e+00		-1.287568e-01
3.998002e+00	3.998002e-01	2.078507e+00		-1.411763e-01
4.009233e+00	4.009233e-01	2.086320e+00		-1.535884e-01
4.020494e+00	4.020494e-01	2.093048e+00		-1.660148e-01
4.031682e+00	4.031682e-01	2.098446e+00		-1.782613e-01
4.042926e+00	4.042926e-01	2.102510e+00		-1.899363e-01
4.054117e+00	4.054117e-01	2.105141e+00		-1.997920e-01
4.065379e+00	4.065379e-01	2.106321e+00		-2.072129e-01
4.076552e+00	4.076552e-01	2.244981e+00		-2.112480e-01
4.087864e+00	4.087864e-01	2.256837e+00		-1.678177e-01
4.099084e+00	4.099084e-01	2.267631e+00		-1.758578e-01
4.110326e+00	4.110326e-01	2.277540e+00		-1.832597e-01
4.121475e+00	4.121475e-01	2.286554e+00		-1.900537e-01
4.132754e+00	4.132754e-01	2.294565e+00		-4.302830e-02
4.143936e+00	4.143936e-01	2.301386e+00		-5.891330e-02
4.155240e+00	4.155240e-01	2.307407e+00		-7.450899e-02
4.166447e+00	4.166447e-01	2.312518e+00		-8.905178e-02
4.177677e+00	4.177677e-01	2.193264e+00		-1.026795e-01
4.188942e+00	4.188942e-01	2.209285e+00		-1.155821e-01
4.200147e+00	4.200147e-01	2.223826e+00		-1.278542e-01
4.211414e+00	4.211414e-01	2.237220e+00		-1.397876e-01
4.222546e+00	4.222546e-01	2.249072e+00		-1.512242e-01
4.233871e+00	4.233871e-01	2.259741e+00		-1.626258e-01
4.245092e+00	4.245092e-01	2.269080e+00		-1.738391e-01
4.256326e+00	4.256326e-01	2.276983e+00		-1.849978e-01
4.267485e+00	4.267485e-01	2.283257e+00		-1.960613e-01
4.278794e+00	4.278794e-01	2.288037e+00		-2.073363e-01
4.289949e+00	4.289949e-01	2.291239e+00		-2.180663e-01
4.301178e+00	4.301178e-01	2.292952e+00		-2.278297e-01
4.312388e+00	4.312388e-01	2.432759e+00		-2.356671e-01
4.323615e+00	4.323615e-01	2.445467e+00		-2.411169e-01
4.334858e+00	4.334858e-01	2.456989e+00		-1.951257e-01
4.346115e+00	4.346115e-01	2.467461e+00		-2.043750e-01
4.357383e+00	4.357383e-01	2.476913e+00		-2.126570e-01
4.368559e+00	4.368559e-01	2.485367e+00		-2.200005e-01
4.379844e+00	4.379844e-01	2.493037e+00		-2.261424e-01
4.391032e+00	4.391032e-01	2.499471e+00		-9.699592e-02
4.402321e+00	4.402321e-01	2.504941e+00		-1.126158e-01
4.413517e+00	4.413517e-01	2.509456e+00		-1.270718e-01
4.424730e+00	4.424730e-01	2.384062e+00		-1.405048e-01
4.435974e+00	4.435974e-01	2.400862e+00		-1.530664e-01
4.447165e+00	4.447165e-01	2.415875e+00		-1.648648e-01
4.458417e+00	4.458417e-01	2.429204e+00		-1.762133e-01
4.469648e+00	4.469648e-01	2.440870e+00		-1.870765e-01
4.480875e+00	4.480875e-01	2.450848e+00		-1.975843e-01
4.492112e+00	4.492112e-01	2.459021e+00		-2.079427e-01
4.503377e+00	4.503377e-01	2.465367e+00		-2.182234e-01
4.514589e+00	4.514589e-01	2.469899e+00		-2.281837e-01
4.525861e+00	4.525861e-01	2.472721e+00		-2.379730e-01
4.537012e+00	4.537012e-01	2.604368e+00		-2.473543e-01
4.548306e+00	4.548306e-01	2.618874e+00		-2.557974e-01
4.559520e+00	4.559520e-01	2.631954e+00		-2.622523e-01
4.570744e+00	4.570744e-01	2.643731e+00		-2.661990e-01
4.581976e+00	4.581976e-01	2.654234e+00		-2.221847e-01
4.593214e+00	4.593214e-01	2.663604e+00		-2.315404e-01
4.604456e+00	4.604456e-01	2.671892e+00		-2.397439e-01
4.615699e+00	4.615699e-01	2.679239e+00		-2.471094e-01
4.626940e+00	4.626940e-01	2.685773e+00		-2.529076e-01
4.638084e+00	4.638084e-01	2.691131e+00		-1.365810e-01
4.649320e+00	4.649320e-01	2.695528e+00		-1.513799e-01
4.660567e+00	4.660567e-01	2.699280e+00		-1.651465e-01
4.671842e+00	4.671842e-01	2.578400e+00		-1.779128e-01
4.683068e+00	4.683068e-01	2.593919e+00		-1.897409e-01
4.694263e+00	4.694263e-01	2.607324e+00		-2.008637e-01
4.705534e+00	4.705534e-01	2.618726e+00		-2.114864e-01
4.716717e+00	4.716717e-01	2.628033e+00		-2.215502e-01
4.728011e+00	4.728011e-01	2.635349e+00		-2.314357e-01
4.739161e+00	4.739161e-01	2.640525e+00		-2.406686e-01
4.750456e+00	4.750456e-01	2.643749e+00		-2.496870e-01
4.761640e+00	4.761640e-01	2.645011e+00		-2.584464e-01
4.772912e+00	4.772912e-01	2.786051e+00		-2.670749e-01
4.784105e+00	4.784105e-01	2.799879e+00		-2.748815e-01
4.795308e+00	4.795308e-01	2.812316e+00		-2.809214e-01
4.806608e+00	4.806608e-01	2.823539e+00		-2.846608e-01
4.817823e+00	4.817823e-01	2.833332e+00		-2.366128e-01
4.829041e+00	4.829041e-01	2.841882e+00		-2.467062e-01
4.840261e+00	4.840261e-01	2.849346e+00		-2.557070e-01
4.851478e+00	4.851478e-01	3.117948e+00		-2.635537e-01
4.862777e+00	4.862777e-01	3.127142e+00		-2.706500e-01
4.873981e+00	4.873981e-01	3.135141e+00		-1.611544e-01
4.885188e+00	4.885188e-01	3.141610e+00		-1.757377e-01
4.896414e+00	4.896414e-01	3.146701e+00		-1.893362e-01
4.907674e+00	4.907674e-01	3.025828e+00		-2.019563e-01
4.918899e+00	4.918899e-01	3.041671e+00		-2.136364e-01
4.930109e+00	4.930109e-01	3.054632e+00		-2.246015e-01
4.941320e+00	4.941320e-01	3.064891e+00		-2.348973e-01
4.952550e+00	4.952550e-01	3.072403e+00		-2.444580e-01
4.963818e+00	4.963818e-01	3.077165e+00		-2.534029e-01
4.975056e+00	4.975056e-01	3.339801e+00		-2.618127e-01
4.986282e+00	4.986282e-01	3.343107e+00		-2.699401e-01
4.997511e+00	4.997511e-01	3.486874e+00		-2.779240e-01
5.008716e+00	5.008716e-01	3.501793e+00		-2.856496e-01
5.019939e+00	5.019939e-01	3.514550e+00		-2.923768e-01
5.031171e+00	5.031171e-01	3.525371e+00		-2.971510e-01
5.042408e+00	5.042408e-01	3.534328e+00		-2.992900e-01
5.053649e+00	5.053649e-01	3.283362e+00		-2.493121e-01
5.064892e+00	5.064892e-01	3.294117e+00		-2.596951e-01
5.076133e+00	5.076133e-01	3.303979e+00		-2.688662e-01
5.087369e+00	5.087369e-01	3.313288e+00		-2.767988e-01
5.098598e+00	5.098598e-01	3.321777e+00		-2.836944e-01
5.109829e+00	5.109829e-01	3.328449e+00		-1.856328e-01
5.121077e+00	5.121077e-01	3.333274e+00		-1.998245e-01
5.132278e+00	5.132278e-01	3.336158e+00		-2.128795e-01
5.143532e+00	5.143532e-01	3.217788e+00		-2.249867e-01
5.154693e+00	5.154693e-01	3.497319e+00		-2.360941e-01
5.165942e+00	5.165942e-01	3.513214e+00		-2.464842e-01
5.177217e+00	5.177217e-01	3.525645e+00		-2.560874e-01
5.188454e+00	5.188454e-01	3.534568e+00		-2.649175e-01
5.199672e+00	5.199672e-01	3.540075e+00		-2.730590e-01
5.210888e+00	5.210888e-01	3.676421e+00		-2.807829e-01
5.222119e+00	5.222119e-01	3.692955e+00		-2.882958e-01
5.233326e+00	5.233326e-01	3.707411e+00		-2.956063e-01
5.244548e+00	5.244548e-01	3.719481e+00		-3.023370e-01
5.255781e+00	5.255781e-01	3.729469e+00		-3.073814e-01
5.267022e+00	5.267022e-01	3.737483e+00		-3.100671e-01
5.278269e+00	5.278269e-01	3.743639e+00		-2.503387e-01
5.289519e+00	5.289519e-01	3.747812e+00		-2.614719e-01
5.300689e+00	5.300689e-01	3.750168e+00		-2.714521e-01
5.311938e+00	5.311938e-01	3.750698e+00		-2.800672e-01
5.323182e+00	5.323182e-01	3.495495e+00		-2.880725e-01
5.334434e+00	5.334434e-01	3.767424e+00		-2.944898e-01
5.345631e+00	5.345631e-01	3.778990e+00		-2.089766e-01
5.356870e+00	5.356870e-01	3.788231e+00		-2.221571e-01
5.368090e+00	5.368090e-01	3.671279e+00		-2.343940e-01
5.379310e+00	5.379310e-01	3.690177e+00		-2.457428e-01
5.390548e+00	5.390548e-01	3.705236e+00		-2.562980e-01
5.401823e+00	5.401823e-01	3.716439e+00		-2.660553e-01
5.412997e+00	5.412997e-01	3.723733e+00		-2.748826e-01
5.424243e+00	5.424243e-01	3.857787e+00		-2.829769e-01
5.435502e+00	5.435502e-01	3.875697e+00		-2.905471e-01
5.446707e+00	5.446707e-01	3.891287e+00		-2.977731e-01
5.457993e+00	5.457993e-01	3.904362e+00		-3.048271e-01
5.469213e+00	5.469213e-01	3.914867e+00		-3.113264e-01
5.480447e+00	5.480447e-01	3.923177e+00		-3.162320e-01
5.491613e+00	5.491613e-01	3.929413e+00		-3.187636e-01
5.502868e+00	5.502868e-01	3.933658e+00		-2.511132e-01
5.514130e+00	5.514130e-01	3.936003e+00		-2.628557e-01
5.525317e+00	5.525317e-01	4.205873e+00		-2.732161e-01
5.536583e+00	5.536583e-01	4.213249e+00		-2.828436e-01
5.547776e+00	5.547776e-01	4.217941e+00		-2.918359e-01
5.559065e+00	5.559065e-01	4.219914e+00		-3.003950e-01
5.570238e+00	5.570238e-01	3.966223e+00		-2.182500e-01
5.581466e+00	5.581466e-01	3.974070e+00		-2.313561e-01
5.592691e+00	5.592691e-01	3.854895e+00		-2.435850e-01
5.603931e+00	5.603931e-01	3.872188e+00		-2.549832e-01
5.615204e+00	5.615204e-01	3.885198e+00		-2.656002e-01
5.626377e+00	5.626377e-01	3.893864e+00		-2.752701e-01
5.637619e+00	5.637619e-01	4.030684e+00		-2.840402e-01
5.648872e+00	5.648872e-01	4.049834e+00		-2.919784e-01
5.660076e+00	5.660076e-01	4.066344e+00		-2.993083e-01
5.671339e+00	5.671339e-01	4.079989e+00		-3.063245e-01
5.682548e+00	5.682548e-01	4.090535e+00		-3.130471e-01
5.693776e+00	5.693776e-01	4.098699e+00		-3.192024e-01
5.705022e+00	5.705022e-01	4.365783e+00		-3.236782e-01
5.716284e+00	5.716284e-01	4.380626e+00		-3.256811e-01
5.727482e+00	5.727482e-01	4.393244e+00		-2.540143e-01
5.738691e+00	5.738691e-01	4.403520e+00		-2.660459e-01
5.749983e+00	5.749983e-01	4.410906e+00		-2.772653e-01
5.761206e+00	5.761206e-01	4.415304e+00		-2.873709e-01
5.772374e+00	5.772374e-01	4.416737e+00		-2.967649e-01
5.783652e+00	5.783652e-01	4.415248e+00		-3.058702e-01
5.794834e+00	5.794834e-01	4.410670e+00		-2.282787e-01
5.806087e+00	5.806087e-01	4.148377e+00		-2.412325e-01
5.817356e+00	5.817356e-01	4.029434e+00		-2.533820e-01
5.828583e+00	5.828583e-01	4.043657e+00		-2.646816e-01
5.839787e+00	5.839787e-01	4.053334e+00		-2.751618e-01
5.850984e+00	5.850984e-01	4.198082e+00		-2.847308e-01
5.862270e+00	5.862270e-01	4.218734e+00		-2.933367e-01
5.873508e+00	5.873508e-01	4.236426e+00		-3.010870e-01
5.884743e+00	5.884743e-01	4.250539e+00		-3.082809e-01
5.895933e+00	5.895933e-01	4.521743e+00		-3.151089e-01
5.907148e+00	5.907148e-01	4.542638e+00		-3.216578e-01
5.918387e+00	5.918387e-01	4.560949e+00		-3.274115e-01
5.929647e+00	5.929647e-01	4.576829e+00		-3.312353e-01
5.940850e+00	5.940850e-01	4.590200e+00		-3.323164e-01
5.952070e+00	5.952070e-01	4.600542e+00		-2.646344e-01
5.963305e+00	5.963305e-01	4.607655e+00		-2.770116e-01
5.974551e+00	5.974551e-01	4.611448e+00		-2.883436e-01
5.985820e+00	5.985820e-01	4.611854e+00		-2.981659e-01
5.997052e+00	5.997052e-01	4.608955e+00		-3.073513e-01
6.008267e+00	6.008267e-01	4.603200e+00		-3.160852e-01
6.019480e+00	6.019480e-01	4.594296e+00		-2.412219e-01
6.030710e+00	6.030710e-01	4.582252e+00		-2.540743e-01
6.041973e+00	6.041973e-01	4.200102e+00		-2.661840e-01
6.053140e+00	6.053140e-01	4.342971e+00		-2.774277e-01
6.064376e+00	6.064376e-01	4.367834e+00		-2.879412e-01
6.075623e+00	6.075623e-01	4.389334e+00		-2.974264e-01
6.086823e+00	6.086823e-01	4.407026e+00		-3.058652e-01
6.098079e+00	6.098079e-01	4.692972e+00		-3.135905e-01
6.109289e+00	6.109289e-01	4.717787e+00		-3.207847e-01
6.120527e+00	6.120527e-01	4.739628e+00		-3.276603e-01
6.131793e+00	6.131793e-01	4.758694e+00		-3.341011e-01
6.143008e+00	6.143008e-01	4.774908e+00		-3.391364e-01
6.154245e+00	6.154245e-01	4.787940e+00		-3.418614e-01
6.165502e+00	6.165502e-01	4.797397e+00		-3.415615e-01
6.176702e+00	6.176702e-01	4.803412e+00		-2.776425e-01
6.187919e+00	6.187919e-01	4.806060e+00		-2.900901e-01
6.199162e+00	6.199162e-01	4.805379e+00		-3.010016e-01
6.210375e+00	6.210375e-01	4.801608e+00		-3.104808e-01
6.221647e+00	6.221647e-01	4.794574e+00		-3.198983e-01
6.232849e+00	6.232849e-01	4.783929e+00		-3.278805e-01
6.244070e+00	6.244070e-01	4.769194e+00		-2.582622e-01
6.255330e+00	6.255330e-01	4.628098e+00		-2.709019e-01
6.266571e+00	6.266571e-01	4.514856e+00		-2.827531e-01
6.277811e+00	6.277811e-01	4.540155e+00		-2.938109e-01
6.288991e+00	6.288991e-01	4.831452e+00		-3.038297e-01
6.300275e+00	6.300275e-01	4.864263e+00		-3.128112e-01
6.311488e+00	6.311488e-01	4.893259e+00		-3.208310e-01
6.322734e+00	6.322734e-01	4.918820e+00		-3.282209e-01
6.333938e+00	6.333938e-01	4.941072e+00		-3.351473e-01
6.345174e+00	6.345174e-01	4.960205e+00		-3.416865e-01
6.356366e+00	6.356366e-01	4.975731e+00		-3.471792e-01
6.367659e+00	6.367659e-01	4.987506e+00		-3.505732e-01
6.378830e+00	6.378830e-01	4.995418e+00		-3.510573e-01
6.390098e+00	6.390098e-01	4.999673e+00		-2.804824e-01
6.401317e+00	6.401317e-01	4.999917e+00		-2.932924e-01
6.412573e+00	6.412573e-01	4.995997e+00		-3.051424e-01
6.423739e+00	6.423739e-01	4.988339e+00		-3.150030e-01
6.434977e+00	6.434977e-01	4.976829e+00		-3.243306e-01
6.446230e+00	6.446230e-01	4.961613e+00		-3.334542e-01
6.457445e+00	6.457445e-01	4.942078e+00		-2.646573e-01
6.468710e+00	6.468710e-01	4.941745e+00		-2.775058e-01
6.479897e+00	6.479897e-01	5.218369e+00		-2.895100e-01
6.491169e+00	6.491169e-01	4.987277e+00		-3.008191e-01
6.502394e+00	6.502394e-01	5.023077e+00		-3.111324e-01
6.513582e+00	6.513582e-01	5.054249e+00		-3.202479e-01
6.524812e+00	6.524812e-01	5.081300e+00		-3.284375e-01
6.536085e+00	6.536085e-01	5.104646e+00		-3.359092e-01
6.547327e+00	6.547327e-01	5.124205e+00		-3.427690e-01
6.558539e+00	6.558539e-01	5.139917e+00		-3.491569e-01
6.569796e+00	6.569796e-01	5.151786e+00		-3.546396e-01
6.581022e+00	6.581022e-01	5.159250e+00		-3.580214e-01
6.592219e+00	6.592219e-01	5.162598e+00		-3.585758e-01
6.603461e+00	6.603461e-01	5.162076e+00		-2.818299e-01
6.614680e+00	6.614680e-01	5.157927e+00		-2.952815e-01
6.625893e+00	6.625893e-01	5.150170e+00		-3.080329e-01
6.637188e+00	6.637188e-01	5.138221e+00		-3.188841e-01
6.648359e+00	6.648359e-01	5.121791e+00		-3.281834e-01
6.659644e+00	6.659644e-01	5.233447e+00		-3.375722e-01
6.670836e+00	6.670836e-01	5.495879e+00		-2.722227e-01
6.682100e+00	6.682100e-01	5.376964e+00		-2.848517e-01
6.693300e+00	6.693300e-01	5.397165e+00		-2.967132e-01
6.704525e+00	6.704525e-01	5.413184e+00		-3.078037e-01
6.715773e+00	6.715773e-01	5.180470e+00		-3.179667e-01
6.727008e+00	6.727008e-01	5.208804e+00		-3.270599e-01
6.738230e+00	6.738230e-01	5.233336e+00		-3.352090e-01
6.749443e+00	6.749443e-01	5.253575e+00		-3.424899e-01
6.760724e+00	6.760724e-01	5.269394e+00		-3.490758e-01
6.771921e+00	6.771921e-01	5.280791e+00		-3.549020e-01
6.783110e+00	6.783110e-01	5.287689e+00		-3.596494e-01
6.794369e+00	6.794369e-01	5.289955e+00		-3.623194e-01
6.805622e+00	6.805622e-01	5.287728e+00		-3.623526e-01
6.816872e+00	6.816872e-01	5.280360e+00		-2.812351e-01
6.828054e+00	6.828054e-01	5.268247e+00		-2.946488e-01
6.839337e+00	6.839337e-01	5.251290e+00		-3.077126e-01
6.850504e+00	6.850504e-01	5.229895e+00		-3.188750e-01
6.861723e+00	6.861723e-01	5.618877e+00		-3.283153e-01
6.873008e+00	6.873008e-01	5.628153e+00		-3.377312e-01
6.884217e+00	6.884217e-01	5.635505e+00		-3.457697e-01
6.895440e+00	6.895440e-01	5.512915e+00		-2.901059e-01
6.906665e+00	6.906665e-01	5.529182e+00		-3.016340e-01
6.917899e+00	6.917899e-01	5.541346e+00		-3.123915e-01
6.929140e+00	6.929140e-01	5.295591e+00		-3.222750e-01
6.940392e+00	6.940392e-01	5.320198e+00		-3.313406e-01
6.951576e+00	6.951576e-01	5.339784e+00		-3.393265e-01
6.962856e+00	6.962856e-01	5.354643e+00		-3.464161e-01
6.974073e+00	6.974073e-01	5.363767e+00		-3.526379e-01
6.985308e+00	6.985308e-01	5.367431e+00		-3.580639e-01
6.996562e+00	6.996562e-01	5.365583e+00		-3.621697e-01
7.007756e+00	7.007756e-01	5.358700e+00		-3.639997e-01
7.018972e+00	7.018972e-01	5.346806e+00		-3.636178e-01
7.030215e+00	7.030215e-01	5.329799e+00		-2.807825e-01
7.041419e+00	7.041419e-01	5.307939e+00		-2.939175e-01
7.052676e+00	7.052676e-01	5.698068e+00		-3.067222e-01
7.063920e+00	7.063920e-01	5.706862e+00		-3.178701e-01
7.075161e+00	7.075161e-01	5.713534e+00		-3.271775e-01
7.086327e+00	7.086327e-01	5.717643e+00		-3.361886e-01
7.097580e+00	7.097580e-01	5.719313e+00		-3.447952e-01
7.108862e+00	7.108862e-01	5.591644e+00		-2.933456e-01
7.120088e+00	7.120088e-01	5.602569e+00		-3.044629e-01
7.131261e+00	7.131261e-01	5.609105e+00		-3.147915e-01
7.142555e+00	7.142555e-01	5.350971e+00		-3.244905e-01
7.153721e+00	7.153721e-01	5.367917e+00		-3.333200e-01
7.165016e+00	7.165016e-01	5.379252e+00		-3.412499e-01
7.176187e+00	7.176187e-01	5.384866e+00		-3.480902e-01
7.187406e+00	7.187406e-01	5.385019e+00		-3.540884e-01
7.198676e+00	7.198676e-01	5.379640e+00		-3.592374e-01
7.209912e+00	7.209912e-01	5.368445e+00		-3.629497e-01
7.221117e+00	7.221117e-01	5.351655e+00		-3.643118e-01
7.232378e+00	7.232378e-01	5.597047e+00		-3.638788e-01
7.243617e+00	7.243617e-01	5.861410e+00		-2.818503e-01
7.254843e+00	7.254843e-01	5.872272e+00		-2.947190e-01
7.266064e+00	7.266064e-01	5.880287e+00		-3.071231e-01
7.277274e+00	7.277274e-01	5.884787e+00		-3.179899e-01
7.288524e+00	7.288524e-01	5.886108e+00		-3.270828e-01
7.299728e+00	7.299728e-01	5.884216e+00		-3.357260e-01
7.310983e+00	7.310983e-01	5.878664e+00		-3.442963e-01
7.322205e+00	7.322205e-01	5.743561e+00		-2.957234e-01
7.333402e+00	7.333402e-01	5.874821e+00		-3.064699e-01
7.344672e+00	7.344672e-01	5.872711e+00		-3.165886e-01
7.355927e+00	7.355927e-01	5.605408e+00		-3.260289e-01
7.367075e+00	7.367075e-01	5.614282e+00		-3.345706e-01
7.378397e+00	7.378397e-01	5.489825e+00		-3.423631e-01
7.389611e+00	7.389611e-01	5.490814e+00		-3.491906e-01
7.400812e+00	7.400812e-01	5.486485e+00		-3.550980e-01
7.412000e+00	7.412000e-01	5.476013e+00		-3.600754e-01
7.423266e+00	7.423266e-01	5.737656e+00		-3.637363e-01
7.434476e+00	7.434476e-01	5.882407e+00		-3.650024e-01
7.445721e+00	7.445721e-01	5.897084e+00		-3.647738e-01
7.457010e+00	7.457010e-01	5.907540e+00		-2.869588e-01
7.468156e+00	7.468156e-01	5.913406e+00		-2.997186e-01
7.479464e+00	7.479464e-01	6.048558e+00		-3.120919e-01
7.490648e+00	7.490648e-01	6.051227e+00		-3.228425e-01
7.501916e+00	7.501916e-01	6.049745e+00		-3.319379e-01
7.513070e+00	7.513070e-01	6.044009e+00		-3.404450e-01
7.524315e+00	7.524315e-01	6.034039e+00		-3.489927e-01
7.535550e+00	7.535550e-01	5.895581e+00		-3.001584e-01
7.546772e+00	7.546772e-01	5.890693e+00		-3.109044e-01
7.558083e+00	7.558083e-01	5.879910e+00		-3.210680e-01
7.569272e+00	7.569272e-01	5.607075e+00		-3.303082e-01
7.580535e+00	7.580535e-01	5.609465e+00		-3.388097e-01
7.591714e+00	7.591714e-01	5.605593e+00		-3.464028e-01
7.602912e+00	7.602912e-01	5.866942e+00		-3.532952e-01
7.614140e+00	7.614140e-01	5.883354e+00		-3.596999e-01
7.625405e+00	7.625405e-01	5.908427e+00		-3.654395e-01
7.636609e+00	7.636609e-01	5.927855e+00		-3.697329e-01
7.647870e+00	7.647870e-01	6.077275e+00		-3.715762e-01
7.659087e+00	7.659087e-01	6.092634e+00		-3.720286e-01
7.670377e+00	7.670377e-01	6.103269e+00		-3.109937e-01
7.681523e+00	7.681523e-01	6.108700e+00		-3.235298e-01
7.692742e+00	7.692742e-01	6.108933e+00		-3.354729e-01
7.704035e+00	7.704035e-01	6.103873e+00		-3.457036e-01
7.715287e+00	7.715287e-01	6.094053e+00		-3.540580e-01
7.726495e+00	7.726495e-01	6.080019e+00		-3.617381e-01
7.737772e+00	7.737772e-01	6.061832e+00		-3.688623e-01
7.749002e+00	7.749002e-01	5.920901e+00		-3.147945e-01
7.760229e+00	7.760229e-01	5.909224e+00		-3.259343e-01
7.771448e+00	7.771448e-01	5.892359e+00		-3.363018e-01
7.782670e+00	7.782670e-01	5.875595e+00		-3.457149e-01
7.793906e+00	7.793906e-01	5.895683e+00		-3.541900e-01
7.805054e+00	7.805054e-01	6.056555e+00		-3.618364e-01
7.816357e+00	7.816357e-01	5.957020e+00		-3.690832e-01
7.827592e+00	7.827592e-01	6.122406e+00		-3.759273e-01
7.838765e+00	7.838765e-01	6.151360e+00		-3.819300e-01
7.849997e+00	7.849997e-01	6.174613e+00		-3.860849e-01
7.861290e+00	7.861290e-01	6.192278e+00		-3.875834e-01
7.872526e+00	7.872526e-01	6.204247e+00		-3.230561e-01
7.883701e+00	7.883701e-01	6.210517e+00		-3.359328e-01
7.894930e+00	7.894930e-01	6.211459e+00		-3.479884e-01
7.906208e+00	7.906208e-01	6.207229e+00		-3.591425e-01
7.917409e+00	7.917409e-01	6.198201e+00		-3.683453e-01
7.928591e+00	7.928591e-01	6.185128e+00		-3.761032e-01
7.939841e+00	7.939841e-01	6.168280e+00		-3.835754e-01
7.951048e+00	7.951048e-01	6.020155e+00		-3.238679e-01
7.962343e+00	7.962343e-01	6.011007e+00		-3.354902e-01
7.973502e+00	7.973502e-01	6.267937e+00		-3.461869e-01
7.984774e+00	7.984774e-01	6.404369e+00		-3.560517e-01
7.996053e+00	7.996053e-01	6.177558e+00		-3.648970e-01
8.007228e+00	8.007228e-01	6.349088e+00		-3.727595e-01
8.018425e+00	8.018425e-01	6.258591e+00		-3.799877e-01
8.029647e+00	8.029647e-01	6.298130e+00		-3.868093e-01
8.040898e+00	8.040898e-01	6.331210e+00		-3.931666e-01
8.052178e+00	8.052178e-01	6.358174e+00		-3.981194e-01
8.063367e+00	8.063367e-01	6.378970e+00		-4.004409e-01
8.074585e+00	8.074585e-01	6.393690e+00		-4.008845e-01
8.085828e+00	8.085828e-01	6.402548e+00		-3.485232e-01
8.097093e+00	8.097093e-01	6.405893e+00		-3.606709e-01
8.108343e+00	8.108343e-01	6.403981e+00		-3.719129e-01
8.119511e+00	8.119511e-01	6.397347e+00		-3.812822e-01
8.130838e+00	8.130838e-01	6.386002e+00		-3.890737e-01
8.141978e+00	8.141978e-01	6.370995e+00		-3.962764e-01
8.153295e+00	8.153295e-01	6.352021e+00		-3.352972e-01
8.164448e+00	8.164448e-01	6.487826e+00		-3.465904e-01
8.175683e+00	8.175683e-01	6.636567e+00		-3.571632e-01
8.186893e+00	8.186893e-01	6.660907e+00		-3.667829e-01
8.198203e+00	8.198203e-01	6.567598e+00		-3.754728e-01
8.209386e+00	8.209386e-01	6.615047e+00		-3.831553e-01
8.220680e+00	8.220680e-01	6.530947e+00		-3.902301e-01
8.231853e+00	8.231853e-01	6.571800e+00		-3.967688e-01
8.243137e+00	8.243137e-01	6.606258e+00		-4.028093e-01
8.254299e+00	8.254299e-01	6.633892e+00		-4.074418e-01
8.265571e+00	8.265571e-01	6.655276e+00		-4.095987e-01
8.276834e+00	8.276834e-01	6.670259e+00		-4.101987e-01
8.287969e+00	8.287969e-01	6.679158e+00		-3.609181e-01
8.299205e+00	8.299205e-01	6.682547e+00		-3.728356e-01
8.310511e+00	8.310511e-01	6.680563e+00		-3.838915e-01
8.321719e+00	8.321719e-01	6.673364e+00		-3.928378e-01
8.332950e+00	8.332950e-01	6.661575e+00		-4.001837e-01
8.344214e+00	8.344214e-01	6.645914e+00		-4.072207e-01
8.355410e+00	8.355410e-01	6.901143e+00		-3.477452e-01
8.366664e+00	8.366664e-01	6.926639e+00		-3.587032e-01
8.377874e+00	8.377874e-01	6.955769e+00		-3.687559e-01
8.389049e+00	8.389049e-01	6.980980e+00		-3.778517e-01
8.400307e+00	8.400307e-01	6.897923e+00		-3.860426e-01
8.411541e+00	8.411541e-01	6.817768e+00		-3.933770e-01
8.422753e+00	8.422753e-01	6.863564e+00		-4.000677e-01
8.434052e+00	8.434052e-01	6.902364e+00		-4.062579e-01
8.445218e+00	8.445218e-01	6.933723e+00		-4.114916e-01
8.456468e+00	8.456468e-01	6.958347e+00		-4.151370e-01
8.467692e+00	8.467692e-01	6.976142e+00		-4.165195e-01
8.478889e+00	8.478889e-01	6.987664e+00		-4.168309e-01
8.490167e+00	8.490167e-01	6.993229e+00		-3.732051e-01
8.501417e+00	8.501417e-01	6.993051e+00		-3.848771e-01
8.512634e+00	8.512634e-01	6.987301e+00		-3.949430e-01
8.523871e+00	8.523871e-01	6.976350e+00		-4.029084e-01
8.535126e+00	8.535126e-01	6.961020e+00		-4.099127e-01
8.546303e+00	8.546303e-01	7.215574e+00		-3.493748e-01
8.557518e+00	8.557518e-01	7.231383e+00		-3.602552e-01
8.568779e+00	8.568779e-01	7.262827e+00		-3.704955e-01
8.579992e+00	8.579992e-01	7.289966e+00		-3.798291e-01
8.591269e+00	8.591269e-01	7.063074e+00		-3.882853e-01
8.602513e+00	8.602513e-01	7.112288e+00		-3.958249e-01
8.613728e+00	8.613728e-01	7.160260e+00		-4.026113e-01
8.624914e+00	8.624914e-01	7.200503e+00		-4.087587e-01
8.636174e+00	8.636174e-01	7.233577e+00		-4.141065e-01
8.647406e+00	8.647406e-01	7.259188e+00		-4.183173e-01
8.658610e+00	8.658610e-01	7.277613e+00		-4.203781e-01
8.669889e+00	8.669889e-01	7.289469e+00		-4.213420e-01
8.681040e+00	8.681040e-01	7.294870e+00		-3.724221e-01
8.692270e+00	8.692270e-01	7.294387e+00		-3.842529e-01
8.703576e+00	8.703576e-01	7.288079e+00		-3.951794e-01
8.714757e+00	8.714757e-01	7.276203e+00		-4.039602e-01
8.725986e+00	8.725986e-01	7.259261e+00		-4.110876e-01
8.737255e+00	8.737255e-01	7.513177e+00		-4.179664e-01
8.748458e+00	8.748458e-01	7.651097e+00		-3.612908e-01
8.759702e+00	8.759702e-01	7.549215e+00		-3.716527e-01
8.770900e+00	8.770900e-01	7.576012e+00		-3.811648e-01
8.782158e+00	8.782158e-01	7.598345e+00		-3.898646e-01
8.793384e+00	8.793384e-01	7.513892e+00		-3.976389e-01
8.804583e+00	8.804583e-01	7.428895e+00		-4.045924e-01
8.815855e+00	8.815855e-01	7.469964e+00		-4.108576e-01
8.827105e+00	8.827105e-01	7.503071e+00		-4.162355e-01
8.838334e+00	8.838334e-01	7.528355e+00		-4.206478e-01
8.849545e+00	8.849545e-01	7.546180e+00		-4.232710e-01
8.860739e+00	8.860739e-01	7.556951e+00		-4.245403e-01
8.872015e+00	8.872015e-01	7.561126e+00		-4.246485e-01
8.883277e+00	8.883277e-01	7.558841e+00		-3.834637e-01
8.894431e+00	8.894431e-01	7.550527e+00		-3.947614e-01
8.905653e+00	8.905653e-01	7.536002e+00		-4.044456e-01
8.916933e+00	8.916933e-01	7.515678e+00		-4.121216e-01
8.928189e+00	8.928189e-01	7.771423e+00		-4.189525e-01
8.939340e+00	8.939340e-01	7.905704e+00		-3.624785e-01
8.950570e+00	8.950570e-01	7.795641e+00		-3.728652e-01
8.961859e+00	8.961859e-01	7.820174e+00		-3.826151e-01
8.973121e+00	8.973121e-01	7.974138e+00		-3.915330e-01
8.984268e+00	8.984268e-01	7.744308e+00		-3.994745e-01
8.995495e+00	8.995495e-01	7.785961e+00		-4.066136e-01
9.006804e+00	9.006804e-01	7.691760e+00		-4.129909e-01
9.018010e+00	9.018010e-01	7.723840e+00		-4.184059e-01
9.029209e+00	9.029209e-01	7.747789e+00		-4.229097e-01
9.040498e+00	9.040498e-01	7.764196e+00		-4.259603e-01
9.051691e+00	9.051691e-01	7.773055e+00		-4.274265e-01
9.062883e+00	9.062883e-01	7.774944e+00		-4.280307e-01
9.074168e+00	9.074168e-01	7.770157e+00		-3.824538e-01
9.085361e+00	9.085361e-01	7.758655e+00		-3.941360e-01
9.096650e+00	9.096650e-01	7.740291e+00		-4.047101e-01
9.107850e+00	9.107850e-01	7.984197e+00		-4.130855e-01
9.119059e+00	9.119059e-01	8.100149e+00		-4.200154e-01
9.130279e+00	9.130279e-01	8.110422e+00		-4.263300e-01
9.141491e+00	9.141491e-01	8.123335e+00		-3.740132e-01
9.152781e+00	9.152781e-01	8.149367e+00		-3.838975e-01
9.163969e+00	9.163969e-01	8.169611e+00		-3.929268e-01
9.175248e+00	9.175248e-01	8.185330e+00		-4.011888e-01
9.186434e+00	9.186434e-01	7.958912e+00		-4.085064e-01
9.197719e+00	9.197719e-01	7.989576e+00		-4.149740e-01
9.208917e+00	9.208917e-01	8.010625e+00		-4.204659e-01
9.220122e+00	9.220122e-01	8.161270e+00		-4.250735e-01
9.231335e+00	9.231335e-01	8.175323e+00		-4.284334e-01
9.242558e+00	9.242558e-01	8.180857e+00		-4.301253e-01
9.253792e+00	9.253792e-01	8.178239e+00		-4.310598e-01
9.265042e+00	9.265042e-01	8.167193e+00		-3.805509e-01
9.276316e+00	9.276316e-01	8.147971e+00		-3.926445e-01
9.287525e+00	9.287525e-01	8.221355e+00		-4.039776e-01
9.298769e+00	9.298769e-01	8.231770e+00		-4.134885e-01
9.309957e+00	9.309957e-01	8.238918e+00		-4.210060e-01
9.321248e+00	9.321248e-01	8.640750e+00		-4.276774e-01
9.332437e+00	9.332437e-01	8.653598e+00		-3.746584e-01
9.343723e+00	9.343723e-01	8.548502e+00		-3.846013e-01
9.354923e+00	9.354923e-01	8.568004e+00		-3.937413e-01
9.366137e+00	9.366137e-01	8.581163e+00		-4.021074e-01
9.377369e+00	9.377369e-01	8.334379e+00		-4.096243e-01
9.388622e+00	9.388622e-01	8.362568e+00		-4.162064e-01
9.399801e+00	9.399801e-01	8.379772e+00		-4.218423e-01
9.411100e+00	9.411100e-01	8.386751e+00		-4.266383e-01
9.422332e+00	9.422332e-01	8.256462e+00		-4.303154e-01
9.433502e+00	9.433502e-01	8.252542e+00		-4.323143e-01
9.444715e+00	9.444715e-01	8.558669e+00		-4.335534e-01
9.455976e+00	9.455976e-01	8.844571e+00		-3.781901e-01
9.467178e+00	9.467178e-01	8.865944e+00		-3.903750e-01
9.478470e+00	9.478470e-01	9.003388e+00		-4.023083e-01
9.489656e+00	9.489656e-01	9.016866e+00		-4.128111e-01
9.500944e+00	9.500944e-01	9.022675e+00		-4.213794e-01
9.512147e+00	9.512147e-01	9.021390e+00		-4.285577e-01
9.523369e+00	9.523369e-01	9.012458e+00		-3.749053e-01
9.534619e+00	9.534619e-01	8.876769e+00		-3.847787e-01
9.545800e+00	9.545800e-01	8.620356e+00		-3.940617e-01
9.557016e+00	9.557016e-01	8.617514e+00		-4.026270e-01
9.568271e+00	9.568271e-01	8.607089e+00		-4.103461e-01
9.579476e+00	9.579476e-01	8.349343e+00		-4.170700e-01
9.590740e+00	9.590740e-01	8.886896e+00		-4.228958e-01
9.601965e+00	9.601965e-01	8.928866e+00		-4.278351e-01
9.613187e+00	9.613187e-01	8.961082e+00		-4.317733e-01
9.624390e+00	9.624390e-01	9.095707e+00		-4.342046e-01
9.635688e+00	9.635688e-01	8.995037e+00		-4.358055e-01
9.646890e+00	9.646890e-01	9.016394e+00		-4.361471e-01
9.658109e+00	9.658109e-01	9.029017e+00		-3.892787e-01
9.669353e+00	9.669353e-01	9.032527e+00		-4.012612e-01
9.680629e+00	9.680629e-01	9.026656e+00		-4.123563e-01
9.691841e+00	9.691841e-01	9.011964e+00		-4.214591e-01
9.703096e+00	9.703096e-01	8.988621e+00		-4.289228e-01
9.714302e+00	9.714302e-01	9.173742e+00		-4.354343e-01
9.725473e+00	9.725473e-01	9.290340e+00		-3.844454e-01
9.736696e+00	9.736696e-01	9.308478e+00		-3.938126e-01
9.747991e+00	9.747991e-01	9.317902e+00		-4.025240e-01
9.759160e+00	9.759160e-01	9.176658e+00		-4.102888e-01
9.770426e+00	9.770426e-01	8.938674e+00		-4.171452e-01
9.781701e+00	9.781701e-01	8.979894e+00		-4.229822e-01
9.792896e+00	9.792896e-01	9.009130e+00		-4.279916e-01
9.804125e+00	9.804125e-01	9.026100e+00		-4.320972e-01
9.815397e+00	9.815397e-01	9.031070e+00		-4.349080e-01
9.826617e+00	9.826617e-01	9.024174e+00		-4.368235e-01
9.837793e+00	9.837793e-01	9.085718e+00		-4.377838e-01
9.849045e+00	9.849045e-01	9.330961e+00		-3.878079e-01
9.860313e+00	9.860313e-01	9.355247e+00		-3.996920e-01
9.871534e+00	9.871534e-01	9.369909e+00		-4.109268e-01
9.882723e+00	9.882723e-01	9.470795e+00		-4.205139e-01
9.894009e+00	9.894009e-01	9.475447e+00		-4.282319e-01
9.905200e+00	9.905200e-01	9.471253e+00		-4.349452e-01
9.916417e+00	9.916417e-01	9.457734e+00		-3.819293e-01
9.927676e+00	9.927676e-01	9.319077e+00		-3.911486e-01
9.938884e+00	9.938884e-01	9.300723e+00		-3.998080e-01
9.950161e+00	9.950161e-01	9.216786e+00		-4.077953e-01
9.961304e+00	9.961304e-01	9.436034e+00		-4.147505e-01
9.972561e+00	9.972561e-01	9.219246e+00		-4.207846e-01
9.983759e+00	9.983759e-01	9.260270e+00		-4.259678e-01
9.995024e+00	9.995024e-01	9.375334e+00		-4.305777e-01
1.000627e+01	1.000627e+00	9.400737e+00		-4.342605e-01
1.001754e+01	1.001754e+00	9.299949e+00		-4.367063e-01
1.002872e+01	1.002872e+00	9.313824e+00		-4.384655e-01
1.003995e+01	1.003995e+00	9.314674e+00		-4.388923e-01
1.005114e+01	1.005114e+00	9.302432e+00		-4.044161e-01
1.006241e+01	1.006241e+00	9.515933e+00		-4.163501e-01
1.007362e+01	1.007362e+00	9.652166e+00		-4.267226e-01
1.008487e+01	1.008487e+00	9.653270e+00		-4.351113e-01
1.009606e+01	1.009606e+00	9.720370e+00		-4.423967e-01
1.010734e+01	1.010734e+00	9.711116e+00		-3.815242e-01
1.011861e+01	1.011861e+00	9.359393e+00		-3.913505e-01
1.012980e+01	1.012980e+00	9.368316e+00		-4.006477e-01
1.014104e+01	1.014104e+00	9.140129e+00		-4.093359e-01
1.015225e+01	1.015225e+00	9.216317e+00		-4.171847e-01
1.016353e+01	1.016353e+00	9.505545e+00		-4.242546e-01
1.017471e+01	1.017471e+00	9.537957e+00		-4.305022e-01
1.018592e+01	1.018592e+00	9.459720e+00		-4.359345e-01
1.019718e+01	1.019718e+00	9.549739e+00		-4.402630e-01
1.020842e+01	1.020842e+00	9.562503e+00		-4.434748e-01
1.021967e+01	1.021967e+00	9.560964e+00		-4.460797e-01
1.023085e+01	1.023085e+00	9.593809e+00		-4.474208e-01
1.024209e+01	1.024209e+00	9.578591e+00		-4.406718e-01
1.025331e+01	1.025331e+00	9.801394e+00		-4.496255e-01
1.026452e+01	1.026452e+00	9.796428e+00		-4.582902e-01
1.027576e+01	1.027576e+00	9.767940e+00		-3.916335e-01
1.028706e+01	1.028706e+00	9.728656e+00		-4.026203e-01
1.029822e+01	1.029822e+00	9.553257e+00		-4.128131e-01
1.030951e+01	1.030951e+00	9.624529e+00		-4.223774e-01
1.032072e+01	1.032072e+00	9.793794e+00		-4.310702e-01
1.033190e+01	1.033190e+00	9.819709e+00		-4.388901e-01
1.034313e+01	1.034313e+00	9.970038e+00		-4.456392e-01
1.035439e+01	1.035439e+00	9.988733e+00		-4.511152e-01
1.036559e+01	1.036559e+00	1.004939e+01		-4.549806e-01
1.037686e+01	1.037686e+00	1.004369e+01		-4.581223e-01
1.038812e+01	1.038812e+00	1.020712e+01		-4.602259e-01
1.039932e+01	1.039932e+00	1.002059e+01		-4.633902e-01
1.041059e+01	1.041059e+00	9.956449e+00		-4.734796e-01
1.042176e+01	1.042176e+00	1.007823e+01		-4.094299e-01
1.043307e+01	1.043307e+00	9.862879e+00		-4.322526e-01
1.044421e+01	1.044421e+00	9.898065e+00		-4.283965e-01
1.045554e+01	1.045554e+00	1.000210e+01		-4.393898e-01
1.046667e+01	1.046667e+00	1.003053e+01		-4.493211e-01
1.047797e+01	1.047797e+00	1.013023e+01		-4.581228e-01
1.048919e+01	1.048919e+00	1.023463e+01		-4.654486e-01
1.050044e+01	1.050044e+00	1.023352e+01		-4.709698e-01
1.051163e+01	1.051163e+00	1.030390e+01		-4.743177e-01
1.052290e+01	1.052290e+00	1.025731e+01		-4.768844e-01
1.053407e+01	1.053407e+00	1.033640e+01		-4.859812e-01
1.054536e+01	1.054536e+00	1.002902e+01		-4.384997e-01
1.055661e+01	1.055661e+00	1.004889e+01		-4.285489e-01
1.056777e+01	1.056777e+00	1.007925e+01		-4.421283e-01
1.057903e+01	1.057903e+00	1.020801e+01		-4.551150e-01
1.059024e+01	1.059024e+00	1.030001e+01		-4.668976e-01
1.060147e+01	1.060147e+00	1.031002e+01		-4.771810e-01
1.061275e+01	1.061275e+00	1.040945e+01		-4.858862e-01
1.062391e+01	1.062391e+00	1.030228e+01		-4.918076e-01
1.063522e+01	1.063522e+00	1.036838e+01		-4.949968e-01
1.064636e+01	1.064636e+00	1.033492e+01		-5.031568e-01
1.065763e+01	1.065763e+00	1.022350e+01		-4.713430e-01
1.066891e+01	1.066891e+00	1.016889e+01		-4.469718e-01
1.068008e+01	1.068008e+00	1.040008e+01		-4.627844e-01
1.069132e+01	1.069132e+00	1.052185e+01		-4.776870e-01
1.070256e+01	1.070256e+00	1.063836e+01		-4.909139e-01
1.071380e+01	1.071380e+00	1.063545e+01		-5.023792e-01
1.072498e+01	1.072498e+00	1.065713e+01		-5.111791e-01
1.073628e+01	1.073628e+00	1.066994e+01		-5.153740e-01
1.074748e+01	1.074748e+00	1.050424e+01		-5.223934e-01
1.075868e+01	1.075868e+00	1.051219e+01		-4.514972e-01
1.076996e+01	1.076996e+00	1.066327e+01		-4.705495e-01
1.078115e+01	1.078115e+00	1.070039e+01		-4.885889e-01
1.079239e+01	1.079239e+00	1.081151e+01		-5.048909e-01
1.080368e+01	1.080368e+00	1.079197e+01		-5.192121e-01
1.081489e+01	1.081489e+00	1.088629e+01		-5.305322e-01
1.082608e+01	1.082608e+00	1.082510e+01		-5.363728e-01
1.083731e+01	1.083731e+00	1.066359e+01		-4.527576e-01
1.084853e+01	1.084853e+00	1.068086e+01		-4.748218e-01
1.085975e+01	1.085975e+00	1.083226e+01		-4.964678e-01
1.087100e+01	1.087100e+00	1.086372e+01		-5.163467e-01
1.088227e+01	1.088227e+00	1.090866e+01		-5.338827e-01
1.089352e+01	1.089352e+00	1.088723e+01		-5.482545e-01
1.090474e+01	1.090474e+00	1.095378e+01		-5.565712e-01
1.091598e+01	1.091598e+00	1.082356e+01		-4.715527e-01
1.092720e+01	1.092720e+00	1.089786e+01		-4.970296e-01
1.093840e+01	1.093840e+00	1.096340e+01		-5.213299e-01
1.094961e+01	1.094961e+00	1.096318e+01		-5.431433e-01
1.096086e+01	1.096086e+00	1.100050e+01		-5.618248e-01
1.097210e+01	1.097210e+00	1.107456e+01		-5.749351e-01
1.098329e+01	1.098329e+00	1.090185e+01		-4.840836e-01
1.099459e+01	1.099459e+00	1.098226e+01		-5.136932e-01
1.100581e+01	1.100581e+00	1.107786e+01		-5.415893e-01
1.101700e+01	1.101700e+00	1.107129e+01		-5.663023e-01
1.102829e+01	1.102829e+00	1.107673e+01		-5.868915e-01
1.103951e+01	1.103951e+00	1.092189e+01		-5.991873e-01
1.105075e+01	1.105075e+00	1.094806e+01		-5.192320e-01
1.106197e+01	1.106197e+00	1.092706e+01		-5.521941e-01
1.107320e+01	1.107320e+00	1.090396e+01		-5.818029e-01
1.108439e+01	1.108439e+00	1.089729e+01		-6.063438e-01
1.109560e+01	1.109560e+00	1.074232e+01		-6.217168e-01
1.110690e+01	1.110690e+00	1.076984e+01		-5.444189e-01
1.111813e+01	1.111813e+00	1.072043e+01		-5.815252e-01
1.112936e+01	1.112936e+00	1.070084e+01		-6.137427e-01
1.114059e+01	1.114059e+00	1.051107e+01		-6.375561e-01
1.115181e+01	1.115181e+00	1.047294e+01		-5.509168e-01
1.116301e+01	1.116301e+00	1.033310e+01		-5.941710e-01
1.117423e+01	1.117423e+00	1.018793e+01		-6.318014e-01
1.118549e+01	1.118549e+00	1.004383e+01		-6.592332e-01
1.119674e+01	1.119674e+00	9.834955e+00		-5.778834e-01
1.120793e+01	1.120793e+00	9.754415e+00		-6.257203e-01
1.121918e+01	1.121918e+00	9.529574e+00		-6.651542e-01
1.123038e+01	1.123038e+00	9.281402e+00		-5.726788e-01
1.124164e+01	1.124164e+00	9.119368e+00		-6.296643e-01
1.125287e+01	1.125287e+00	8.874050e+00		-6.772171e-01
1.126413e+01	1.126413e+00	8.580809e+00		-5.858698e-01
1.127533e+01	1.127533e+00	8.321625e+00		-6.500815e-01
1.128656e+01	1.128656e+00	8.030090e+00		-7.019033e-01
1.129782e+01	1.129782e+00	7.665794e+00		-6.225926e-01
1.130904e+01	1.130904e+00	7.383511e+00		-6.913613e-01
1.132027e+01	1.132027e+00	7.013184e+00		-6.025168e-01
1.133150e+01	1.133150e+00	6.646775e+00		-6.863103e-01
1.134269e+01	1.134269e+00	6.227078e+00		-7.484282e-01
1.135393e+01	1.135393e+00	5.824970e+00		-6.946030e-01
1.136518e+01	1.136518e+00	5.430645e+00		-7.672422e-01
1.137641e+01	1.137641e+00	4.950574e+00		-7.228543e-01
1.138764e+01	1.138764e+00	4.530687e+00		-6.610996e-01
1.139886e+01	1.139886e+00	4.080237e+00		-7.728383e-01
1.141010e+01	1.141010e+00	3.582111e+00		-7.336666e-01
1.142135e+01	1.142135e+00	3.116626e+00		-6.917658e-01
1.143258e+01	1.143258e+00	2.639789e+00		-8.308646e-01
1.144378e+01	1.144378e+00	2.157569e+00		-8.273534e-01
1.145501e+01	1.145501e+00	1.662725e+00		-8.344422e-01
1.146624e+01	1.146624e+00	1.201563e+00		-8.567550e-01
1.147750e+01	1.147750e+00	7.540659e-01		-8.970464e-01
1.148871e+01	1.148871e+00	4.121441e-01		-8.126368e-01
1.149995e+01	1.149995e+00	1.725420e-01		-9.251508e-01
